# id	left	top	right	bottom	texture_id
[SPRITES]
#####  BIG ###############
#IDLE
11121	0	7	24	42	30
11111	392	8	415	42	31

#WALKING RIGHT
11222	1	43	17	78	30
11223	18	43	37	78	30
11224	38	47	58	78	30
11225	59	44	75	78	30
11226	76	44	94	78	30

#WALKING LEFT
11212	399	43	415	78	31
11213	379	43	398	78	31
11214	358	47	378	78	31
11215	341	44	357	78	31
11216	322	44	340	78	31

#RUNNING RIGHT
11321	334	154	355	181	0
11322	334	154	355	181	0
11323	392	154	413	181	0

#RUNNING LEFT
11311	91	154	112	181	0
11312	65	154	86	181	0
11313	34	154	55	181	0

#JUMP WALK RIGHT
11411	117	52	133	72	30
11412	135	54	155	70	30
11414	157	52	177	72	30
11415	175	54	195	70	30

11451	283	52	299	72	31
11452	261	54	281	70	31
11454	243	52	259	72	31
11455	221	54	241	70	31

#JUMP RUN RIGHT & LEFT
11427	394	195	413	222	0
11423	35	195	52	222	0

#SIT RIGHT & LEFT 
11521	79	25	111	41	30
11511	305	25	337	41	31

#SHOOTUP RIGHT & LEFT 
11551	49	0	63	42	30
11552	64	1	78	42	30
11553	353	0	367	42	31
11554	338	1	352	42	31
#BRACE RIGHT & LEFT 
11621	425	154	442	181	0
11611	5	154	22	181	0

#DIE
13001	215	120	234	137	0

############ SMALL ################
 #IDLE
12121	247	0	260	15	0
12111	187	0	200	15	0

#WALK RIGHT
12222	275	0	292	15	0
12223	306	0	321	15	0

#WALK LEFT
12212	155	0	170	15	0
12213	125	0	140	15	0

#RUN RIGHT
12321	275	0	290	15	0
12322	306	0	321	15	0
12323	335	0	350	15	0

#RUN LEFT
12311	155	0	170	15	0
12312	125	0	140	15	0
12313	95	0	110	15	0

#BRACE RIGHT & LEFT
12511	6	0	19	15	0
12521	426	0	439	15	0

#JUMP WALK RIGHT & LEFT 
12413	35	80	50	95	0
12417	395	80	410	95	0

#JUMP RUN RIGHT & LEFT 
12423	65	40	80	55	0
12427	365	40	380	55	0

# ani_id	sprite1_id	time1	sprite2_id	time2	...
[ANIMATIONS]
400	11121	100
401	11111	100

#WALKING RIGHT & LEFT 
500	11222	100	11223	100	11224	100	11225	100	11226	100	11224	100
501	11212	100	11213	100	11214	100	11215	100	11216	100	11214	100

#RUNNING RIGHT & LEFT
600	11321	50	11322	50	11323	50
601	11311	50	11312	50	11313	50

#JUMP WALK
700	11411	50	11412	50	11414	50	11415	50
701	11451	50	11452	50	11454	50	11455	50

#JUMP RUN
800	11427	100
801	11423	100

#SIT RIGHT & LEFT 
900	11521	100
901	11511	100
#SUT RIGHT & LEFT 
950	11551	100	11552	100
951	11553	100	11554	100
#BRACE RIGHT & LEFT 
1000	11621	100
1001	11611	100

#DIE
999	13001	100

################### SMALL #################
1100	12121	100
1102	12111	100


#WALK LEFT & RIGHT 
1200	12121	100	12222	100	12223	100
1201	12111	100	12212	100	12213	100

#RUN LEFT & RIGHT
1300	12321	100	12322	100	12323	100
1301	12311	100	12312	100	12313	100

#BRACE LEFT & RIGHT
1401	12511	100
1400	12521	100

#JUMP WALK
1500	12417	100
1501	12413	100

#JUMP RUN 
1601	12423	100
1600	12427	100