# id	left	top	right	bottom	texture_id
[SPRITES]
#RUNNING-RIGHT
110101	158 	17	174	49	32
110102	175	18	192	49	32
110103	192	17	208	49	32
110104	209	17	225	49	32
110105	226	18	242	49	32
110106	244	17	259	49	32

#FIRE-RIGHT
110201	260	17	285	49	32
110202	286	18	311	49	32

#LAYDOWN
110301	312	35	344	49	32
110302	345	36	377	50	32

#JUMP
110401	378	17	394	45	32	
110402	395	17	411	45	32

# ani_id	sprite1_id	time1	sprite2_id	time2	...
[ANIMATIONS]
#RUNNING-RIGHT
1101	110101	100	110102	100	110103	100	110104	100	110105	100	110106	100
#FIRE-RIGHT
1102	110201	100	110202	100
#LAYDOWN
1103	110301	100	110302	100
#JUMP
1104	110401	100	110402	100